35613178446
7991588102
1545118979
30121463209
26249937420
40447370362
4746286044
36176447956
5752554496
11625030684
3701388413
2919334891
32652833593
11177443257
7920263864
2220420527
5972076036
76726483155
6439262638
1915295422
572978010
11064867739
62429158802
285762911
38107142052
652432257
203003304
31965152498
6626878164
4708686007
216148882
1407844174
48783551658
358875590
44730125495
4049660622
33059538987
1925080246
48508193
67376944611
1927632795
1381406398
8397145554
3438761323
1723733633
222524499
308565584
6192366983
1931667591
1743644992
5131302137
49360887817
49966487722
2326125690
2250046520
530921038
61218587935
75934246166
1715240847
55172892505
589050087
2245566354
9043701529
10600831498
34642597852
1928949107
48096912
501301024
22813890291
57310564130
32013039611
357579209
673940281
69021416794
78406735802
1991388796
1477903722
37042912594
1349182865
12088513
58581116609
55941963172
9724694583
249033330
5761442945
7569447671
1119555839
44925272776
63410211188
4009360396
1331986552
72074348993
6066640315
2018663432
28325281375
581052838
180565805
2257633956
4861151464
211016167
28091710794
46266789598
73502572814
46582496949
74445398080
51678731249
61244548602
2930314441
67808433566
256157288
8207199354
240034391
13141198652
15901563954
608941363
13695749656
60844501484
2298599875
76207170861
76406018412
1476770836
55346221
1521210512
1540303754
3692177076
35801505501
1443623827
77463114898
79824692705
44801680517
6958488141
2128999985
10978511299
5820646862
1138682357
51006266946
69782972685
289597532
45478420432
1239458433
8436720459
21848405768
7908805168
2296689966
60901488141
75275035518
200554703
6904560523
5727382546
1478286784
72552444558
511815841
202102123
14649214091
6080550036
1838211004
199857972
10748428252
76783129099
64179780924
2541286314
3064412229
11861742541
272757865
7571303823
342279184
35870264511
1438612101
10454273168
61415032940
51776867033
2243800602
60382482675
5520171362
23933504095
372800200
360614978
249019081
591521645
619068454
1700545828
1589794467
44548008168
13688887279
688079186
29431420185
80415480852
16901097020
9775727383
69869983600
17384903534
18848327898
11169665837
3541025814
1435336485
1764192723
315193580
48536479789
7583052222
19560377683
1448244832
12642717825
65372810828
1515897609
18557131344
436007348
5036995768
431487018
14495390319
47166159066
8906407737
35292198115
2083623213
1993012982
1373480806
6333826905
344946616
304184909
61173759790
48769934106
73258082735
55145063100
2160505871
6639369205
57212446956
63941193886
33064185050
34843085580
3474441747
7194005928
34608175297
68784811672
53575162495
3238579537
60830706439
3440964301
235031762
5612525343
5326285017
60168941125
250359927
80115155539
3699617081
54577601894
45809188681
3271771798
44237389371
2995008108
66279459672
60964135790
4267098983
77978926049
68329207891
27616404651
5523433400
8912358139
1719143478
1769108477
8648732743
8468921980
1936948143
2238775419
666588648
311690024
1360932254
55128365003
1429344856
1414442967
52346789977
5884565444
2336762476
10855059945
19018380
76028360256
45468168860
2962038165
5590407519
803126883
3194570082
59567258244
8684875251
552944949
45431114875
1601451854
4533581595
8558653796
58806423860
14313456225
52018724947
329715762
33928459434
3223792887
51646807275
1748293863
255124122
1997699235
964052145
77628960595
55249328044
74584632050
2315596812
36934843
218014882
6319604613
175237009
17231913888
20561917045
61552080936
6677047
75632320512
2985271133
32164406351
8003121025
61873112862
59982675373
4766489594
61721538705
72190000030
13042340520
1981724766
2860212868
3478857681
3156038567
5954363581
50440060740
38554467673
