308565584
3692177076
289597532
2128999985
48508193
7571303823
360614978
4533581595
1414442967
2919334891
6080550036
1764192723
51678731249
75934246166
250359927
2245566354
1928949107
311690024
2541286314
216148882
1925080246
3271771798
44730125495
436007348
235031762
36934843
1743644992
21848405768
2336762476
27616404651
4746286044
6192366983
5884565444
5954363581
55145063100
48096912
1769108477
1435336485
1429344856
4049660622
1997699235
2250046520
58581116609
619068454
249033330
329715762
3238579537
2930314441
3156038567
1589794467
28091710794
688079186
666588648
5036995768
218014882
3223792887
964052145
1540303754
591521645
53575162495
2985271133
342279184
180565805
200554703
3474441747
66279459672
1981724766
48536479789
3478857681
2995008108
2962038165
1715240847
175237009
5612525343
76726483155
211016167
1515897609
59982675373
1349182865
6066640315
1748293863
6319604613
1719143478
2315596812
52018724947
4766489594
203003304
1119555839
59567258244
1476770836
1448244832
5523433400
4009360396
8558653796
272757865
2257633956
14649214091
1545118979
5752554496
60382482675
431487018
1931667591
511815841
55346221
5131302137
1373480806
1838211004
7908805168
10748428252
652432257
1331986552
61244548602
12088513
2243800602
11064867739
2083623213
552944949
1991388796
315193580
2326125690
1138682357
1915295422
22813890291
1438612101
34642597852
19018380
240034391
2220420527
199857972
5761442945
36176447956
35801505501
357579209
3194570082
2296689966
530921038
1477903722
285762911
222524499
255124122
9724694583
8468921980
2298599875
51006266946
589050087
