50567438821
1645752802
39198511067
1410727777
1990859249
1271464702
2178584297
2265972171
71198021290
1838293589
5963688116
9228888134
711748541
650189806
1657600509
58226954789
29070110483
2093505963
175228671
320341772
8099821216
3262738469
2176985763
39392470510
449347012
1668886753
3072081984
21926482064
47113445972
62650184676
1922725016
6320453477
57671724147
77001392946
49103801319
1568316411
1317830368
1527072524
26054662014
5390119164
75333975689
4165756618
6242853742
43275538115
50060757674
10613138460
1563039939
65183470789
4261550318
48310883881
52325952156
10210254137
65778016576
56738550088
13553813711
50167363457
1331220012
1016348382
1725317633
1413557321
1195229666
1636389378
51886790008
55050977494
57448913776
1225760743
60960794088
1502869529
9305287536
44926583338
31768466067
652774384
47674921295
37131462268
2189306322
923486604
2122858386
64322269615
6822976906
2291902723
55992760340
45794533110
